dMdq1:,"[[-1.199999999999214e-05 -1.832200000000000e-02  9.010000000000017e-04
  -8.716999999999999e-03  3.930000000000003e-04 -1.446000000000000e-03
   1.150000000000000e-04]
 [-1.832200000000000e-02 -3.174000000000011e-03  2.795000000000000e-03
  -1.788000000000005e-03 -1.499999999999999e-05 -7.860000000000007e-04
  -2.370000000000000e-04]
 [ 9.010000000000017e-04  2.795000000000001e-03  1.806000000000005e-03
  -7.699999999999999e-03  7.920000000000006e-04 -1.468000000000000e-03
   2.359999999999999e-04]
 [-8.716999999999999e-03 -1.788000000000005e-03 -7.700000000000001e-03
  -1.788000000000005e-03 -1.499999999999999e-05 -7.860000000000007e-04
  -2.370000000000000e-04]
 [ 3.930000000000003e-04 -1.499999999999977e-05  7.920000000000006e-04
  -1.499999999999977e-05  7.920000000000006e-04 -1.468000000000000e-03
   2.359999999999999e-04]
 [-1.446000000000000e-03 -7.860000000000007e-04 -1.468000000000000e-03
  -7.860000000000007e-04 -1.468000000000000e-03 -7.860000000000007e-04
  -2.370000000000000e-04]
 [ 1.149999999999999e-04 -2.370000000000000e-04  2.359999999999999e-04
  -2.370000000000000e-04  2.359999999999999e-04 -2.370000000000000e-04
   2.359999999999999e-04]]"
dMdq2:,"[[ 2.971240579537883e-04  4.824813679585684e-02 -2.444241139770920e-02
   1.553924986457201e-02 -3.864887376328000e-03  1.791654586500003e-03
  -4.897976824999998e-04]
 [ 4.824813679585684e-02  1.400000000015874e-05 -1.108000000000000e-02
   3.993421533125124e-17 -1.191000000000000e-03  7.712446742987218e-18
   6.000000000000430e-06]
 [-2.444241139770920e-02 -1.108000000000000e-02  1.722000000000000e-03
  -1.191000000000001e-03  5.240000000000001e-04  6.000000000000145e-06
   1.200000000000007e-05]
 [ 1.553924986457201e-02  3.993426827081045e-17 -1.191000000000001e-03
   1.656435362511728e-17 -1.191000000000000e-03  4.843599090196106e-18
   6.000000000000271e-06]
 [-3.864887376328000e-03 -1.191000000000000e-03  5.240000000000001e-04
  -1.191000000000000e-03  5.240000000000001e-04  6.000000000000147e-06
   1.200000000000007e-05]
 [ 1.791654586500003e-03  7.712446742987218e-18  6.000000000000145e-06
   4.843599090196106e-18  6.000000000000148e-06  2.760966542286818e-18
   6.000000000000154e-06]
 [-4.897976824999998e-04  6.000000000000430e-06  1.200000000000007e-05
   6.000000000000270e-06  1.200000000000007e-05  6.000000000000153e-06
   1.200000000000007e-05]]"
dMdq3:,"[[-1.729281629163207e-03 -1.176327325897999e-03 -3.271150570003277e-02
   5.611081586283799e-01  3.078492708268009e-03  8.538502095052002e-02
   4.961419398000001e-03]
 [-1.176327325897999e-03  2.702394484523206e-03  8.822463692304798e-03
   1.318537250836005e-03  1.112347973452000e-03  3.171811979000011e-04
  -1.176528810000000e-04]
 [-3.271150570003277e-02  8.822463692304798e-03  4.040000000000001e-04
   8.417000000000018e-03  1.920000000000004e-04  9.880000000000047e-04
   2.360000000000002e-04]
 [ 5.611081586283800e-01  1.318537250836005e-03  8.417000000000018e-03
   1.316000000000006e-03  7.319999999999993e-04  3.140000000000010e-04
  -2.429999999999945e-04]
 [ 3.078492708268008e-03  1.112347973452000e-03  1.920000000000004e-04
   7.319999999999994e-04  1.920000000000002e-04  9.880000000000019e-04
   2.360000000000002e-04]
 [ 8.538502095052002e-02  3.171811979000012e-04  9.880000000000045e-04
   3.140000000000010e-04  9.880000000000019e-04  3.140000000000010e-04
  -2.429999999999983e-04]
 [ 4.961419398000000e-03 -1.176528810000000e-04  2.360000000000002e-04
  -2.429999999999946e-04  2.360000000000002e-04 -2.429999999999983e-04
   2.360000000000001e-04]]"
dMdq4:,"[[ 2.533113343440696e-04  1.493324986457201e-02  5.489760790620279e-01
   1.553924986457201e-02 -3.864887376328015e-03  1.791654586500002e-03
  -4.897976824999998e-04]
 [ 1.493324986457201e-02  1.451919744000583e-04 -1.108253725083600e-02
   6.559598720003691e-05 -1.191000000000000e-03  5.883709760000760e-05
   6.000000000000435e-06]
 [ 5.489760790620279e-01 -1.108253725083600e-02 -1.361193599439657e-04
  -1.193537250836000e-03  2.022038217479998e-04  2.818802100000019e-06
  -5.422471899999455e-05]
 [ 1.553924986457201e-02  6.559598720003691e-05 -1.193537250836000e-03
   1.653666623565390e-17 -1.191000000000000e-03  4.830020093260436e-18
   6.000000000000271e-06]
 [-3.864887376328015e-03 -1.191000000000000e-03  2.022038217479998e-04
  -1.191000000000000e-03  5.240000000000001e-04  6.000000000000147e-06
   1.200000000000007e-05]
 [ 1.791654586500002e-03  5.883709760000762e-05  2.818802100000019e-06
   4.830020093260436e-18  6.000000000000148e-06  2.760887132948012e-18
   6.000000000000154e-06]
 [-4.897976824999998e-04  6.000000000000433e-06 -5.422471899999455e-05
   6.000000000000270e-06  1.200000000000007e-05  6.000000000000153e-06
   1.200000000000007e-05]]"
dMdq5:,"[[-5.156416271919998e-04 -4.880841261599969e-05  3.077492708268007e-03
  -4.880841261599969e-05  3.078492708268007e-03  8.538502095052002e-02
   4.961419398000001e-03]
 [-4.880841261599973e-05  1.316795742392004e-03  8.797347973452000e-03
   1.316795742392004e-03  1.112347973452000e-03  3.153914763000011e-04
  -1.176528810000000e-04]
 [ 3.077492708268006e-03  8.797347973452000e-03 -8.115620864000017e-04
   8.738796178252000e-03  1.902189568000003e-04  9.880000000000047e-04
   2.342016000000004e-04]
 [-4.880841261599973e-05  1.316795742392004e-03  8.738796178252000e-03
   1.316795742392004e-03  1.053796178252000e-03  3.153914763000011e-04
  -1.767752810000000e-04]
 [ 3.078492708268006e-03  1.112347973452000e-03  1.902189568000003e-04
   1.053796178252000e-03  1.920000000000002e-04  9.880000000000019e-04
   2.360000000000002e-04]
 [ 8.538502095052002e-02  3.153914763000012e-04  9.880000000000045e-04
   3.153914763000012e-04  9.880000000000019e-04  3.140000000000010e-04
  -2.429999999999983e-04]
 [ 4.961419398000000e-03 -1.176528810000000e-04  2.342016000000004e-04
  -1.767752810000000e-04  2.360000000000002e-04 -2.429999999999983e-04
   2.360000000000001e-04]]"
dMdq6:,"[[ 2.376357674520105e-04  1.535654586500002e-03  8.317594198816400e-02
   1.535654586500002e-03  8.317594198816400e-02  1.791654586500002e-03
  -4.897976824999998e-04]
 [ 1.535654586500002e-03  2.055663044000124e-04 -1.194181197900000e-03
   1.467292068000096e-04 -1.192391476300000e-03  1.027831522000076e-04
   6.000000000000437e-06]
 [ 8.317594198816400e-02 -1.194181197900000e-03 -3.206946305199071e-05
  -1.194181197900000e-03 -3.206946305199347e-05  2.818802100000021e-06
  -1.006556899999833e-05]
 [ 1.535654586500002e-03  1.467292068000096e-04 -1.194181197900000e-03
   8.789210920000686e-05 -1.192391476300000e-03  4.394605460000478e-05
   6.000000000000274e-06]
 [ 8.317594198816400e-02 -1.192391476300000e-03 -3.206946305199347e-05
  -1.192391476300000e-03 -3.206946305199624e-05  4.608523700000019e-06
  -1.006556899999833e-05]
 [ 1.791654586500002e-03  1.027831522000076e-04  2.818802100000021e-06
   4.394605460000478e-05  4.608523700000020e-06  2.760900367837813e-18
   6.000000000000154e-06]
 [-4.897976824999998e-04  6.000000000000436e-06 -1.006556899999833e-05
   6.000000000000272e-06 -1.006556899999833e-05  6.000000000000153e-06
   1.200000000000007e-05]]"
dMdq7:,"[[-3.708637999999377e-06  7.828127850000017e-05  4.961419398000001e-03
   7.828127850000017e-05  4.961419398000001e-03  7.828127850000017e-05
   4.961419398000001e-03]
 [ 7.828127850000015e-05  3.167960380000015e-04  1.113347119000000e-03
   3.167960380000013e-04  1.113347119000000e-03  3.167960380000012e-04
  -1.176528810000000e-04]
 [ 4.961419398000000e-03  1.113347119000000e-03 -3.235967999999997e-04
   1.054224719000000e-03 -3.217983999999998e-04  1.010065569000000e-03
   2.342016000000004e-04]
 [ 7.828127850000015e-05  3.167960380000013e-04  1.054224719000000e-03
   3.167960380000012e-04  1.054224719000000e-03  3.167960380000011e-04
  -1.767752810000000e-04]
 [ 4.961419398000000e-03  1.113347119000000e-03 -3.217983999999998e-04
   1.054224719000000e-03 -3.200000000000000e-04  1.010065569000000e-03
   2.360000000000002e-04]
 [ 7.828127850000015e-05  3.167960380000012e-04  1.010065569000000e-03
   3.167960380000011e-04  1.010065569000000e-03  3.167960380000010e-04
  -2.209344310000000e-04]
 [ 4.961419398000000e-03 -1.176528810000000e-04  2.342016000000004e-04
  -1.767752810000000e-04  2.360000000000002e-04 -2.209344310000000e-04
   2.360000000000001e-04]]"
dMinvdq2,"[[-8.111618464452782e-05 -6.089797423226360e-03 -1.615255088304275e-02
   3.625231718835061e-02 -9.320671093499858e-02  2.468699177068218e-02
  -1.882593961804746e-01]
 [-6.089797423226377e-03 -2.322904656456761e-01 -1.016288942100794e+01
   1.376699008853824e-01  1.724560270758731e+01  8.374226636199963e-02
  -5.209317115898974e+00]
 [-1.615255088304273e-02 -1.016288942100794e+01 -9.318403300387917e+00
   3.563317851856156e+01  9.293241017968020e+00 -5.982336005153856e+01
   1.198579064291879e+01]
 [ 3.625231718835068e-02  1.376699008853821e-01  3.563317851856156e+01
   2.379516073311188e+00 -8.030642922517335e+01 -6.767693202690440e+00
   2.666479123994514e+01]
 [-9.320671093499860e-02  1.724560270758732e+01  9.293241017968018e+00
  -8.030642922517337e+01 -1.362329281565208e+02  2.316876612220180e+02
   1.053631438365150e+01]
 [ 2.468699177068205e-02  8.374226636200068e-02 -5.982336005153859e+01
  -6.767693202690445e+00  2.316876612220180e+02  1.879237103784923e+01
  -3.410316991171193e+01]
 [-1.882593961804745e-01 -5.209317115898984e+00  1.198579064291879e+01
   2.666479123994518e+01  1.053631438365146e+01 -3.410316991171197e+01
  -6.832616454016752e+02]]"
dMinvdq1,"[[ 1.420124391658066e-03 -1.332000914152930e-02  1.330979907098786e+00
   4.853970130734558e-02 -3.219116277524551e-01 -8.651215490199687e-02
  -3.690560178524935e-01]
 [-1.332000914152927e-02  1.325735668881355e-01  4.098232268722561e+00
  -1.635722888733522e-01 -7.737400690316685e+00  8.301207958534648e-02
   3.613731181374887e+00]
 [ 1.330979907098786e+00  4.098232268722562e+00 -9.542977406903297e+00
  -1.145117260865644e+01  1.038247048846878e+01  1.146812053976232e+01
  -2.072968268223441e+00]
 [ 4.853970130734546e-02 -1.635722888733522e-01 -1.145117260865644e+01
  -6.049279702557576e-02  2.713127704425323e+01  1.700366459741177e-01
  -1.556644687049555e+01]
 [-3.219116277524551e-01 -7.737400690316687e+00  1.038247048846879e+01
   2.713127704425323e+01 -1.174396564344969e+02 -4.376883545428132e+01
   1.163912433514829e+02]
 [-8.651215490199671e-02  8.301207958534623e-02  1.146812053976232e+01
   1.700366459741186e-01 -4.376883545428129e+01 -1.610914647438870e-02
   3.337779437687988e+01]
 [-3.690560178524936e-01  3.613731181374888e+00 -2.072968268223457e+00
  -1.556644687049556e+01  1.163912433514829e+02  3.337779437687990e+01
  -1.522532957369650e+02]]"
dMinvdq3,"[[ 2.239174066780035e-03  3.527365243385728e+00  2.151306559677885e+00
  -1.110140341681806e+01 -2.545516713978437e+00  1.075816605462963e+01
  -8.825469090140163e-01]
 [ 3.527365243385728e+00  9.379946783750538e-02  5.655065121707685e+00
   1.326297401382530e-02 -8.776813176017573e+00 -3.303348292503058e-01
   5.202415074911613e+00]
 [ 2.151306559677885e+00  5.655065121707685e+00 -6.593377878821327e+00
  -2.452557216386262e+01  5.845958144881867e+00  4.959510771694492e+01
  -1.170025029256001e+01]
 [-1.110140341681806e+01  1.326297401382540e-02 -2.452557216386262e+01
  -2.250150262791179e+00  5.183203934377421e+01  8.728132053999293e+00
  -5.335028632111823e+01]
 [-2.545516713978436e+00 -8.776813176017569e+00  5.845958144881870e+00
   5.183203934377420e+01  9.300176269584496e+00 -1.860920534645688e+02
   9.057695914086500e+01]
 [ 1.075816605462964e+01 -3.303348292503055e-01  4.959510771694493e+01
   8.728132053999293e+00 -1.860920534645688e+02 -4.831197162754834e+01
   3.184361777916676e+02]
 [-8.825469090140183e-01  5.202415074911608e+00 -1.170025029256003e+01
  -5.335028632111823e+01  9.057695914086501e+01  3.184361777916677e+02
  -9.703444347980214e+02]]"
dMinvdq4,"[[-3.066199893156373e-02 -4.735594269827526e-01 -3.734607561776019e+01
  -7.360325328837795e-01  3.820292893233928e+01  1.960289560241070e+00
  -5.195538998054098e-01]
 [-4.735594269827520e-01  1.322586493282358e-01  4.199246676046251e+00
  -1.492860182996609e-01 -7.717818618100394e+00  1.378681396748797e-02
   3.599774906675067e+00]
 [-3.734607561776016e+01  4.199246676046251e+00 -1.673319975928644e+00
  -1.126802028007647e+01  1.015444468649625e+01  1.067073153290035e+01
  -6.371324097614361e+00]
 [-7.360325328837801e-01 -1.492860182996608e-01 -1.126802028007647e+01
  -1.087867552441950e-01  2.702238359775287e+01  3.314159371642416e-01
  -1.575408073289358e+01]
 [ 3.820292893233926e+01 -7.717818618100397e+00  1.015444468649626e+01
   2.702238359775288e+01 -1.248041749773623e+02 -4.328845343215852e+01
   1.206896109291833e+02]
 [ 1.960289560241072e+00  1.378681396748739e-02  1.067073153290035e+01
   3.314159371642434e-01 -4.328845343215851e+01 -2.533792637024010e-01
   3.370916408995537e+01]
 [-5.195538998054199e-01  3.599774906675071e+00 -6.371324097614366e+00
  -1.575408073289360e+01  1.206896109291834e+02  3.370916408995539e+01
  -1.522973303806297e+02]]"
dMinvdq5,"[[ 1.419211158053708e-03 -6.006571817287030e-01  2.693235891274377e-01
   3.975714313073159e+00  6.743805846753868e-01 -1.561837986567661e+01
   3.568514015424980e+00]
 [-6.006571817287024e-01  1.094844371913790e-01  5.589172869406966e+00
  -2.148774044567114e-02 -7.886359302597063e+00 -3.510738099885974e-01
   4.747147360522293e+00]
 [ 2.693235891274371e-01  5.589172869406966e+00  6.029365946258339e+00
  -2.342614226477097e+01 -7.042892699351301e+00  4.736907189139519e+01
  -1.121992040440647e+01]
 [ 3.975714313073159e+00 -2.148774044567110e-02 -2.342614226477097e+01
  -2.124858608542548e+00  4.767136591137325e+01  8.740558887213687e+00
  -5.164976175987152e+01]
 [ 6.743805846753872e-01 -7.886359302597070e+00 -7.042892699351295e+00
   4.767136591137327e+01  2.190717842512840e+01 -1.784728121843158e+02
   8.934169894094534e+01]
 [-1.561837986567661e+01 -3.510738099885976e-01  4.736907189139520e+01
   8.740558887213689e+00 -1.784728121843158e+02 -4.863549599537598e+01
   3.154925205147715e+02]
 [ 3.568514015424980e+00  4.747147360522296e+00 -1.121992040440649e+01
  -5.164976175987155e+01  8.934169894094529e+01  3.154925205147716e+02
  -9.693432069828760e+02]]"
dMinvdq6,"[[-8.479869525283080e-03  4.006960403846354e-02 -1.699116808611414e-02
  -1.384053125345603e-01 -2.534526854776269e+01  1.654258771270171e-02
   2.606239566472442e+01]
 [ 4.006960403846362e-02  1.481917031715685e-02 -3.629702672218412e-03
  -6.692930635293885e-02 -3.861776705804151e+00  1.440363190901011e-01
   3.800232582332407e+00]
 [-1.699116808611403e-02 -3.629702672218435e-03  4.524482531061428e-04
   1.940739703333996e-02 -3.722067874412659e-02 -6.107505290739701e-02
   1.115985843860891e-01]
 [-1.384053125345604e-01 -6.692930635293885e-02  1.940739703333993e-02
   3.238250582321376e-01  1.660391914035614e+01 -7.824990407304058e-01
  -1.618152258408192e+01]
 [-2.534526854776269e+01 -3.861776705804152e+00 -3.722067874412558e-02
   1.660391914035614e+01 -2.824178353791023e+00 -3.487124516463206e+01
   2.246324253249092e+01]
 [ 1.654258771270151e-02  1.440363190901010e-01 -6.107505290739712e-02
  -7.824990407304053e-01 -3.487124516463206e+01  2.041336581730631e+00
   3.517710017707275e+01]
 [ 2.606239566472443e+01  3.800232582332408e+00  1.115985843860863e-01
  -1.618152258408193e+01  2.246324253249093e+01  3.517710017707275e+01
  -7.182016672821652e+01]]"
dMinvdq7,"[[-8.867917736812569e-04  4.325326022813948e-03 -2.178316932905093e-03
  -4.705219817609164e-02  2.870690539480556e-02  5.612156547694993e-01
  -5.492339596847233e+00]
 [ 4.325326022813956e-03  6.113074328378049e-04  3.010654516409190e-04
   2.286138535818295e-02 -2.436608498438187e+00 -3.097028060704795e-01
   4.628744300207368e+00]
 [-2.178316932904975e-03  3.010654516413058e-04 -4.432621153608254e-04
  -1.750009296595391e-02  1.178467596381858e+00  2.053837435252141e-01
  -2.620741714050298e+00]
 [-4.705219817609164e-02  2.286138535818300e-02 -1.750009296595603e-02
  -5.472690093507323e-01  2.484701067233797e+01  4.935448837741924e+00
  -4.967262490077764e+01]
 [ 2.870690539480589e-02 -2.436608498438189e+00  1.178467596381862e+00
   2.484701067233797e+01  1.208549548785698e+02 -1.313770350921878e+02
  -2.952499624833585e+01]
 [ 5.612156547694993e-01 -3.097028060704795e-01  2.053837435252216e-01
   4.935448837741925e+00 -1.313770350921878e+02 -3.911022161677725e+01
   3.062234348774725e+02]
 [-5.492339596847234e+00  4.628744300207371e+00 -2.620741714050315e+00
  -4.967262490077766e+01 -2.952499624833591e+01  3.062234348774726e+02
  -8.489174043323932e+02]]"
